ans2_a = (3/4) * 6 * 7^2 + (4^5) / (7^3 - 145)

ans2_b = (48.2 * 55 - 9^3) / (53 + 14^2)

ans2_c = 27^2 / 4 + (319^(4/5)) / 5 + 60 * 14^(-3)