ans4_a = exp((-2.1)^3) + 3.47 * log(14) + 287^(1/4)

ans4_b = 3.4 * log(14) + sqrt(287)